100
11 11 8 10 10 16 11 10 13 0 100
12 9 8 13 16 6 13 9 14 0 100
11 6 11 7 10 10 12 21 12 0 100
17 8 8 8 15 13 13 8 10 0 100
13 12 10 11 12 15 10 8 9 0 100
13 14 7 7 14 11 12 10 12 0 100
13 12 13 11 12 9 6 16 8 0 100
17 14 13 7 12 9 7 10 11 0 100
11 12 11 15 10 8 14 12 7 0 100
10 10 11 14 13 9 14 10 9 0 100
12 12 6 13 13 8 13 10 13 0 100
10 11 8 10 12 11 14 12 12 0 100
14 7 14 12 13 13 8 9 10 0 100
4 12 13 14 6 18 9 14 10 0 100
6 12 10 10 18 10 10 14 10 0 100
6 13 11 12 15 9 14 6 14 0 100
7 14 10 10 12 10 12 14 11 0 100
13 11 9 14 12 6 7 11 17 0 100
10 5 10 11 17 13 14 9 11 0 100
5 10 7 12 14 13 15 12 12 0 100
13 10 15 9 9 11 12 8 13 0 100
10 18 17 8 5 10 12 7 13 0 100
9 9 7 7 14 18 11 14 11 0 100
13 11 16 9 7 13 11 9 11 0 100
13 10 13 12 8 15 10 10 9 0 100
7 12 8 13 14 12 12 14 8 0 100
12 8 15 13 12 10 8 14 8 0 100
10 11 8 10 8 12 13 14 14 0 100
14 9 9 13 10 10 11 6 18 0 100
10 12 8 10 15 13 14 9 9 0 100
13 9 6 10 9 11 10 16 16 0 100
9 10 6 12 14 10 17 12 10 0 100
16 12 10 12 8 10 10 12 10 0 100
9 16 6 14 7 9 14 14 11 0 100
10 9 10 9 15 13 9 15 10 0 100
8 12 15 11 6 11 12 15 10 0 100
7 4 11 18 11 14 13 9 13 0 100
6 13 18 11 16 9 12 3 12 0 100
16 12 13 10 12 10 10 11 6 0 100
14 11 7 11 15 6 10 11 15 0 100
9 9 9 15 10 15 14 11 8 0 100
13 9 7 14 12 10 14 12 9 0 100
12 11 11 8 8 13 16 10 11 0 100
15 6 16 11 10 10 8 17 7 0 100
9 13 11 9 15 12 8 11 12 0 100
10 12 8 8 9 10 15 18 10 0 100
7 17 12 13 10 10 13 8 10 0 100
10 16 14 8 10 13 8 8 13 0 100
18 7 15 15 8 8 10 9 10 0 100
12 12 14 9 13 9 5 11 15 0 100
8 13 12 10 6 13 22 4 12 0 100
5 9 13 17 13 10 12 11 10 0 100
12 14 5 8 12 10 14 14 11 0 100
6 15 13 13 10 9 11 10 13 0 100
10 18 12 11 7 13 11 10 8 0 100
13 14 12 9 12 10 10 12 8 0 100
13 11 10 12 11 14 11 12 6 0 100
18 9 11 15 9 9 9 7 13 0 100
10 16 8 12 12 17 7 12 6 0 100
10 8 8 13 12 16 9 14 10 0 100
13 11 11 13 17 10 10 6 9 0 100
13 14 10 6 10 14 9 9 15 0 100
14 9 13 12 10 9 12 11 10 0 100
10 9 6 13 12 13 10 11 16 0 100
9 12 7 15 7 12 14 10 14 0 100
12 9 7 10 15 8 4 22 13 0 100
12 12 6 9 14 12 12 12 11 0 100
13 12 13 11 9 5 15 9 13 0 100
9 9 12 17 10 9 7 16 11 0 100
9 10 15 11 12 11 13 10 9 0 100
8 8 13 10 17 14 13 8 9 0 100
12 6 17 13 10 11 11 10 10 0 100
13 7 5 15 14 17 11 10 8 0 100
9 16 11 8 10 13 11 13 9 0 100
17 11 15 9 6 8 7 11 16 0 100
10 11 9 11 13 16 10 10 10 0 100
10 10 7 10 13 11 8 9 22 0 100
7 17 13 13 8 9 14 11 8 0 100
15 10 10 6 9 12 12 13 13 0 100
6 13 12 14 13 12 9 12 9 0 100
12 9 9 12 16 12 11 11 8 0 100
14 11 13 13 12 7 8 8 14 0 100
13 10 8 11 15 14 8 13 8 0 100
8 9 9 16 11 12 11 14 10 0 100
7 13 11 10 11 12 14 9 13 0 100
14 8 10 14 11 9 7 14 13 0 100
10 5 10 9 12 10 11 17 16 0 100
9 11 13 10 12 11 12 14 8 0 100
12 14 7 13 7 12 15 9 11 0 100
6 8 15 13 11 9 12 15 11 0 100
12 11 13 13 15 8 11 6 11 0 100
10 9 7 17 7 7 12 13 18 0 100
18 10 11 11 10 8 10 15 7 0 100
9 13 11 15 14 9 12 7 10 0 100
6 14 9 8 15 12 13 13 10 0 100
17 10 13 8 9 3 18 10 12 0 100
15 6 9 12 11 12 12 16 7 0 100
12 7 12 15 11 8 13 10 12 0 100
9 8 6 16 15 17 11 8 10 0 100
12 12 9 11 17 4 14 13 8 0 100
